100 1
67.7 68
70.8 64
72 57
69.3 62
83.6 64
71.4 59
70.4 61
76.3 60
68.5 72
81.1 51
61.2 60
82.7 61
74.9 57
73.7 53
81.1 59
90.1 81
76.6 64
82.6 55
74.1 60
70.8 69
68.9 54
76.5 73
85.3 60
71.1 58
78.2 61
79.3 59
84.4 64
79.8 65
68.5 75
76.7 57
70.3 65
83.7 57
87.8 65
77 51
70.1 65
69.5 57
71.3 57
80.3 62
76.1 55
71.2 65
77.2 62
79 61
79.6 58
81.7 58
79.6 53
70.1 63
71.5 65
70.5 56
64.1 59
69.1 58
66.2 61
85.3 60
70 77
77.7 51
80.4 61
77.8 65
77.1 61
67.9 76
66.6 72
74.4 56
61.6 62
77.2 77
68.2 56
75.4 50
75.5 56
75.4 57
68.7 60
80.5 59
75.3 67
73.4 53
82.2 59
80.2 60
77.3 63
75.9 66
71.4 64
72 56
81.2 64
72.2 59
76.5 63
74.6 57
73.5 52
89.3 57
82.1 63
80.7 56
81.6 66
80.5 51
74.7 60
74.5 55
74.1 50
77.8 60
76.7 63
72.4 60
69.2 59
69.5 66
69.5 57
71.9 56
82.6 56
75.5 56
73.7 65
64.8 59
67
