15812.88000000000101863407
15702.14780506305214657914
15561.20893819361299392767
15384.45549492729878693353
15252.10399461267843435053
15066.72965443526481976733
14937.81443347424101375509
14790.91523607580893440172
14676.92096257548109861091
14557.90270262963895220309
14424.87205320595421653707
14261.20383151498572260607
14137.69470274795276054647
13965.90193962888588430360
13801.57388929056287452113
13668.32156183133156446274
13560.56553562360022624489
13449.03241888075899623800
13348.36423713787735323422
13217.12461664345391909592
13133.77145332281179435086
13039.97303783432289492339
12916.37158634227125730831
12786.36269907214227714576
12694.11462202290022105444
12594.28549574613316508476
12492.06752764346310868859
12356.31206496781669557095
12282.96286568904542946257
12155.97572830054014048073
12040.45180836190957052168
11943.49580920074913592543
11865.56652624123125860933
11754.90842391479964135215
11640.62749809394517797045
11540.48353859955022926442
11419.84509148528377409093
11366.28597951770461804699
11271.99469167269307945389
11158.68683125121424382087
11027.11479074586168280803
10912.42636251943804381881
10815.49172804738009290304
10726.68552602641830162611
10644.49927089083030296024
10545.06288187761492736172
10468.82144713836896698922
10371.76495545613033755217
10280.54043523921063751914
10215.55238213425400317647
10140.02189994383115845267
10066.19507103027535777073
9979.89453394787778961472
9914.25335893052397295833
9845.77274109048812533729
9771.08082547747289936524
9702.50363028150059108157
9636.97375019354512915015
9562.20646746003512816969
9453.46932483492309984285
9405.79181717397113970947
9326.55618210835382342339
9259.01093332130949420389
9190.64866685879678698257
9139.37071238554017327260
9085.84666876268420310225
9041.32591575977858155966
9001.48861630899045849219
8959.08274521596285921987
8901.03164135376937338151
8841.77736203820677474141
8786.93245281816780334339
8712.49459730708622373641
8660.90709290955783217214
8617.98569175780176010448
8562.63986715846840525046
8496.36056466351146809757
8433.29005197993319598027
8361.45250044571548642125
8296.76041320071090012789
8221.20131431373920349870
8156.33121452865725586889
8144.01351712584346387303
8082.50086737627407273976
7999.54929898342834349023
7926.02901523444324993761
7863.00458422214614984114
7800.28264306105120340362
7734.73156151150124060223
7675.15384781918419321300
7608.40852692217413277831
7543.40620624923940340523
7499.40799790256915002828
7455.53815414377459092066
7425.65333583012670715107
7388.45778031189729517791
7349.21738682602335757110
7316.92759900083638058277
7293.82616258013604237931
7261.02607875821922789328
7209.29677613493367971387
7151.86307513963492965559
7093.60546416217403020710
7046.63007675792323425412
6993.21087469643771328265
6937.12707944028716156026
6902.00618321232832386158
6841.79503242136343033053
6804.88010670751737052342
6751.66754806358767382335
6724.26380442825393402018
6672.69440727050550776767
6631.03698284360507386737
6588.20059342245076550171
6549.41591429178151884116
6509.31223666871301247738
6467.44356454433182079811
6420.21315463314931548666
6380.10034754231401166180
6356.58983084039573441260
6323.08624788305951369694
6290.52134929255498718703
6232.63458591562903166050
6198.01331377918359066825
6179.03834830723371851491
6161.22647629618404607754
6118.16717856242030393332
6063.09890571801588521339
6020.89340407267445698380
5986.93390449596063263016
5957.15140977084320184076
5924.55044865264517284231
5881.22496566440622700611
5841.16932137309322570218
5808.12158300452392722946
5766.48785330602822796209
5748.53344488257062039338
5700.97566390926931489957
5673.53466334359836764634
5632.66316361473491269862
5591.03061385534510918660
5548.18240886334933748003
5499.95525514409746392630
5476.78335751236227224581
5441.76998107721647102153
5428.75634431466005480615
5400.11363593728583509801
5384.14311505515979661141
5366.44837315159747959115
5346.37429974649421637878
5302.23565719133512175176
5288.99201358695881936001
5268.93108417314761027228
5253.66905496657273033634
5216.96862009930373460520
5188.45290599375493911793
5142.02870844463541288860
5125.09729531557059090119
5099.35231285298050352139
5078.75684981822087138426
5052.90780341536446940154
5047.91609131091172457673
5030.61256688332650810480
5007.66062544085889385315
4979.17386562353931367397
4957.68565216860861255554
4946.58196842625329736620
4938.41086583683954813750
4899.54329705562849994749
4865.20019772717296291376
4842.57443423206768784439
4824.04726047226358787157
4802.04152279958907456603
4809.11108316115405614255
4798.89625320158847898711
4780.20776420082438562531
