186064.00000000000000000000
93320.52223465545102953911
47387.28527185864368220791
24408.10502147731676814146
13629.28057279345557617489
8262.83316186935189762153
5626.94811597785519552417
4261.59173119165916432394
3639.53331504384004801977
3374.58560513390420965152
3224.83209103197714284761
3184.56426856524967661244
3150.01161179157270453288
3123.48508578804876378854
3116.73265181541273705079
3117.67585886366941849701
3119.15053130137630432728
3119.37929129063877553563
3117.18716319671329983976
3116.67645283821730117779
3120.54232502449349340168
3128.50090981516223109793
3127.68269120172226394061
3124.34331505533373274375
3125.22596443801876375801
3121.80628787484283748199
3118.43913818727060061065
3117.33201723189858967089
3118.03644941944321544725
3119.18595985536239822977
3120.66931574819727757131
3121.88401119553373064264
3123.69778603476015632623
3122.99481366865938980482
3120.83947406095194310183
3117.79108207145645792480
3117.55858640263249981217
3116.85445224280920228921
3119.23567754879923086264
3122.37415761828287941171
3124.30841822591673917486
3120.73305131097959019826
3117.06869399981405877043
3118.05249283502598700579
3119.21176752120481978636
3121.03110327498325204942
3122.04684786807092677918
3119.66970797635667622671
3123.26056728466755885165
3124.92090731279176907265
3123.98459197119564123568
3127.34507367974174485425
3120.29889856160116323736
3120.69582712032615745557
3121.46701015877943063970
3125.22479203937928105006
3117.30714957081545435358
3118.61376262748854060192
3118.02392097486017519259
3121.32385656687301889178
3118.32778724979834805708
3116.70857215782098137424
3116.75403486596860602731
3118.68173066540293802973
3119.74426762909888566355
3123.03386601874308325932
3121.74202317354820479522
3126.65728521373284820584
3118.89612262148830268416
3116.76403649563917497289
3117.13537248041257043951
3116.97266073328819402377
3116.88731940031948397518
3117.23094591906510686385
3118.59483672317310265498
3121.48351830410774709890
3116.73530798264437180478
3116.74619811489537823945
3118.57399851931359080481
3124.84021975407722493401
3123.31673562600690274849
3124.57724516630150901619
3123.88975470970990500064
3122.25862999936634878395
3121.23103876912728082971
3120.78371508132158851367
3120.65698319363173141028
3119.09808759018096679938
3120.85527420597827585880
3125.64041334981902764412
3131.24568938690572394989
3136.90958522246501161135
3132.01711937056370516075
3125.91985475283263440360
3121.89131210767527591088
3126.77889620968380768318
3126.67784558546054540784
3125.41000092343074356904
3123.80471736780782521237
3123.99883567853748900234
3120.26316174858493468491
3122.26800585786440933589
3125.32309176405124162557
3123.16269400138435230474
3124.51330537819967503310
3118.89718119026429121732
3117.15296791644504992291
3117.78314455019653905765
3119.37164983747106816736
3121.86595919079582017730
3126.63285231870759162121
3130.15257357767904977663
3121.71993161060390775674
3118.86088539180400402984
3117.39706876798936718842
3116.95929468855501909275
3116.87833192520474767662
3118.34063130363165328163
3124.37336585902085062116
3126.07462451482979304274
3116.96388252400129204034
3123.50966137245359277586
3126.02974234712883117027
3124.97135047282790765166
3123.03186933378947287565
3119.85611925870216509793
3121.81466025307372547104
3126.61993331331814260921
3126.44956518342405615840
3119.89074869526166366995
3120.17720428902384810499
3127.88983293106457495014
3122.73036538384485538700
3122.88444317979610787006
3123.70721180578584608156
3130.55288762004101954517
3128.68373138044717052253
3130.32274559732877605711
3130.03417381860390378279
3130.68755829891460962244
3129.56408332787123072194
3136.94680123521220593830
3131.28518770509936075541
3123.83214692630053832545
3124.62902816545602036058
3122.98038999853497443837
3119.37500472410829388537
3120.92101349574431878864
3117.71986811958458929439
3121.75562261200911962078
3124.63067599052919831593
3123.43768097571501130005
3127.23251198073057821603
3118.17570178657751966966
3120.11011695329580106772
3117.61782502267851668876
3116.79685209714079974219
3117.93344858395130358986
3121.81362737130484674708
3117.18276906315668384195
3118.02695603058418782894
3116.89157130120156580233
